grasp_points: 
    - lower_bound:    [0.001, 0.009, 0.00175]
      upper_bound:    [0.001, -0.009, 0.0065]
      orientation:    [0.5, -0.5, 0.5, -0.5]
      distance:       0.0186162
    - lower_bound:    [-0.001, -0.009, 0.0065]
      upper_bound:    [-0.001, 0.009, 0.00175]
      orientation:    [0.5, 0.5, -0.5, -0.5]
      distance:       0.0186162
    - lower_bound:    [-0.009, 0, 0.011]
      upper_bound:    [0.009, 0, 0.011]
      orientation:    [0, 0, 0, 1]
      distance:       0.018
    - lower_bound:    [0, -0.009, 0.011]
      upper_bound:    [0, -0.009, 0.011]
      orientation:    [0, 0, -0.707107, 0.707107]
      distance:       0
